[0 0] 28
[1 1] 31
[2 2] 127
[3 3] 240
[4 4] 258
[5 5] 345
[6 6] 556
[7 7] 524
[8 8] 584
[9 9] 952
[10 10] 875
[11 11] 924
[12 12] 1356
[13 13] 1085
[14 14] 1134
[15 15] 1559
[16 16] 1236
[17 17] 1310
[18 18] 1924
[19 19] 1381
[20 20] 1505
[21 21] 1796
[22 22] 1329
[23 23] 1313
[24 24] 1888
[25 25] 1317
[26 26] 1127
[27 27] 1308
[28 28] 33811
[29 29] 820
[30 30] 870
[31 31] 638
[32 32] 532
[33 33] 567
[34 34] 420
[35 35] 317
[36 36] 332
[37 37] 273
[38 38] 168
[39 39] 96
[40 40] 116
[41 41] 104
[42 42] 91
[43 43] 86
[44 44] 70
[45 45] 65
[46 46] 73
[47 47] 65
[48 48] 50
[49 49] 66
[50 50] 37
[51 51] 33
[52 52] 50
[53 53] 24
[54 54] 37
[55 55] 43
[56 56] 23
[57 57] 26
[58 58] 20
[59 59] 16
[60 60] 19
[61 61] 25
[62 62] 26
[63 63] 34
[64 64] 20
[65 65] 31
[66 66] 15
[67 67] 14
[68 68] 15
[69 69] 19
[70 70] 18
[71 71] 27
[72 72] 19
[73 73] 17
[74 74] 22
[75 75] 11
[76 76] 26
[77 77] 18
[78 78] 23
[79 79] 30
[80 80] 62
[81 81] 91
[82 82] 149
[83 83] 68
[84 84] 164
[85 85] 184
[86 86] 110
[87 87] 222
[88 88] 292
[89 89] 159
[90 90] 361
[91 91] 342
[92 92] 183
[93 93] 414
[94 94] 479
[95 95] 539
[96 96] 273
[97 97] 581
[98 98] 630
[99 99] 307
[100 100] 641
[101 101] 647
[102 102] 360
[103 103] 770
[104 104] 737
[105 105] 394
[106 106] 793
[107 107] 798
[108 108] 831
[109 109] 412
[110 110] 833
[111 111] 901
[112 112] 459
[113 113] 1055
[114 114] 923
[115 115] 515
[116 116] 935
[117 117] 914
[118 118] 885
[119 119] 450
[120 120] 921
[121 121] 905
[122 122] 454
[123 123] 917
[124 124] 914
[125 125] 485
[126 126] 867
[127 127] 817
[128 128] 368
[129 129] 705
[130 130] 657
[131 131] 616
[132 132] 300
[133 133] 459
[134 134] 469
[135 135] 223
[136 136] 359
[137 137] 352
[138 138] 146
[139 139] 298
[140 140] 262
[141 141] 268
[142 142] 118
[143 143] 238
[144 144] 184
[145 145] 100
[146 146] 176
[147 147] 154
[148 148] 76
[149 149] 124
[150 150] 135
[151 151] 529
[152 152] 1186
[153 153] 1856
[154 154] 2729
[155 155] 3317
[156 156] 3822
[157 157] 4349
[158 158] 4110
[159 159] 4176
[160 160] 3059
[161 161] 1931
[162 162] 1353
[163 163] 807
[164 164] 554
[165 165] 401
[166 166] 302
[167 167] 200
[168 168] 184
[169 169] 133
[170 170] 127
[171 171] 80
[172 172] 23
[173 173] 41
[174 174] 17
[175 175] 38
[176 176] 15
[177 177] 38
[178 178] 140
[179 179] 23
[180 180] 22
[181 181] 15
[182 182] 31
[183 183] 16
[184 184] 18
[185 185] 21
[186 186] 11
[187 187] 23
[188 188] 16
[189 189] 19
[190 190] 14
[191 191] 16
[192 192] 19
[193 193] 8
[194 194] 20
[195 195] 8
[196 196] 7
[197 197] 2
[198 198] 2
[199 199] 3
[200 200] 0
[201 201] 3
[202 202] 0
[203 203] 3
[204 204] 1
[205 205] 4
[206 206] 2
[207 207] 2
[208 208] 2
[209 209] 1
[210 210] 2
[211 211] 2
[212 212] 1
[213 213] 2
[214 214] 2
[215 215] 6
[216 216] 0
[217 217] 4
[218 218] 2
[219 219] 4
[220 220] 3
[221 221] 2
[222 222] 6
[223 223] 0
[224 224] 3
[225 225] 1
[226 226] 0
[227 227] 6
[228 228] 18
[229 229] 22
[230 230] 21
[231 231] 20
[232 232] 7
[233 233] 9
[234 234] 5
[235 235] 1
[236 236] 4
[237 237] 2
[238 238] 3
[239 239] 1
[240 240] 1
[241 241] 2
[242 242] 3
[243 243] 3
[244 244] 5
[245 245] 8
[246 246] 3
[247 247] 4
[248 248] 3
[249 249] 3
[250 250] 6
[251 251] 3
[252 252] 1
[253 253] 2
[254 254] 5
[255 255] 124774
